                                      WDC for Geomagnetism, Kyoto
                                Hourly Equatorial Dst Values (PROVISIONAL)
                                              MARCH   2015
      unit=nT                                                                                      UT
      1   2   3   4   5   6   7   8    9  10  11  12  13  14  15  16   17  18  19  20  21  22  23  24
DAY
 1  -24 -34 -20 -20 -18 -32 -45 -42  -46 -41 -37 -34 -33 -28 -26 -22  -17 -15 -13 -10 -12 -12 -17 -16
 2  -12 -10 -20 -24 -19 -33 -33 -43  -55 -51 -40 -38 -40 -40 -39 -38  -30 -28 -26 -19 -17 -17 -15 -13
 3  -14 -12 -18 -15 -15 -17 -17 -16  -12 -15 -15 -15 -13 -14 -16 -16  -14 -12 -17 -11 -11 -13 -17 -21
 4  -17  -8  -6  -6  -4  -4  -2   2    5   6   7   4   1  -2  -5  -8   -8  -9  -7  -4  -5  -1  -5  -8
 5   -5  -1   0   1   3   4   6   7    6   5   4   5   0  -6  -2  -3   -3  -1   0   1   3   3   7   7

 6    7  10  12  16  13   4  -4 -20  -21 -10  -5  -3  -4  -3  -3  -1    1   4   2   1  -4  -7   1   4
 7    3  -1  -2  -6  -9 -18 -17 -14  -10 -10 -11 -10  -7   0   0  -1    1  -2  -4  -4  -9 -14 -14  -9
 8   -7  -3  -4  -3  -4  -3   3   4    1   3   1  -6  -9  -5 -10  -8   -5  -8 -10  -7  -5  -3  -3  -3
 9   -7 -12 -11 -12  -9  -7  -7  -7   -7  -6  -3   0   2   3   2   2    2   2   6   7   7   7   6   8
10   10   6   5   5   5   5   8  10   11   7   5   7   7   7   6   4    5   6   5   3   5   6   7   6

11    5   5   4   5   6  15  17  18   11  12  13  13   5   2  -2  -2    0   0  -5  -8  -7  -5  -4  -3
12   -4  -1   2   1   0   3  -1 -11  -14 -13  -7  -8  -5  -4  -8  -1    3   4   2   4   3   0  -3  -4
13   -3  -1   1   8   9  10  12  11    9   9   9  11   8  -3  -8   0    5   2  -4  -3   1   1   3   1
14   -1   0  -2  -2  -3  -5  -2   2    2   4   7   6   7   9  12  15   16  15  14  14  10   8   5   0
15   -1  -1  -1   0   1   0   2   3    3   5   5   5   5  10  13  15   12  12  13  13   9   4   5   9

16   15  21  26  22  19  25  12   2    8  15  23  29  27  24  19  24   30  29  26  28  22  20  17  15
17   15  14  13  14  25  56  37  -6  -43 -73 -63 -44 -44 -62 -82-106 -131-150-143-165-171-187-222-214
18 -189-177-161-144-136-125-121-111 -112-107 -99 -88 -87 -78 -76 -79  -74 -69 -77 -82 -83 -83 -83 -81
19  -88 -83 -75 -69 -74 -73 -69 -61  -60 -65 -63 -66 -67 -71 -72 -68  -61 -59 -60 -58 -59 -57 -54 -58
20  -64 -69 -63 -56 -53 -53 -58 -55  -52 -51 -50 -55 -47 -44 -43 -44  -50 -53 -53 -48 -47 -45 -45 -53

21  -57 -53 -53 -45 -35 -34 -37 -32  -33 -33 -38 -37 -35 -32 -33 -35  -33 -31 -33 -32 -35 -28 -32 -29
22  -27 -30 -24 -20 -27 -31 -32 -43  -38 -39 -33 -23 -31 -35 -43 -39  -36 -39 -42 -40 -35 -34 -34 -32
23  -28 -32 -35 -34 -37 -35 -31 -32  -35 -33 -34 -32 -25 -22 -20 -25  -26 -23 -24 -25 -29 -39 -36 -35
24  -37 -36 -33 -27 -20 -20 -19 -15  -18 -17 -14 -20 -22 -17 -16 -14  -20 -20 -20 -19 -16 -17 -23 -23
25  -18 -18 -24 -20 -18 -21 -20 -18  -19 -17  -4  -3   6   8   9   0   -9  -4  -6 -10 -16 -20 -22 -20

26  -17 -12 -13 -10  -9 -13 -13  -7   -5  -3  -2   1   2   0   1  -4   -7  -7 -10  -8 -15 -19 -20 -17
27  -16 -16 -14 -13 -11 -17 -20 -14  -10 -15  -9 -12 -11 -10 -17 -18  -13 -10 -12 -11  -9  -9 -10  -9
28   -8  -4   2   8  12   9  -8 -24  -29 -21 -14 -14 -16 -15 -13  -8   -2   1  -1  -3  -7  -9  -8  -5
29   -7  -9  -7 -10 -16 -20 -19 -15  -13 -20 -31 -35 -24 -17 -21 -21  -21 -23 -28 -28 -25 -21 -21 -20
30  -18 -15 -13 -12 -11  -9  -7  -7   -6  -8 -12 -15 -11  -7 -11 -12  -12 -13 -15 -15 -14 -17 -19 -16

31  -12  -6  -2   2   3   2  -2  -3    0   4   5   6  -2   2   6   7    9  15   4   2   1  -1  -1  -1
