2015 3 18 0 5 42 210 0 90 NaN NaN 0 
 2015 3 18 0 13 30 210 90 45 -345.29 1.1912 0 
 2015 3 18 0 24 18 210 0 90 NaN NaN 0 
 2015 3 18 0 32 6 210 90 45 -268.3 1.0902 0 
 2015 3 18 0 53 6 210 0 90 NaN NaN 0 
 2015 3 18 0 56 42 210 0 45 -72.91 0.3236 0 
 2015 3 18 1 0 18 210 90 45 -283.65 1.5778 0 
 2015 3 18 1 7 30 210 -90 45 337.99 1.957 0 
 2015 3 18 1 11 42 210 0 90 NaN NaN 0 
 2015 3 18 1 15 18 210 0 45 -104.39 0.5486 0 
 2015 3 18 1 18 54 210 90 45 -298.76 1.9631 0 
 2015 3 18 1 22 30 210 180 45 71.23 0.3627 0 
 2015 3 18 1 39 54 210 0 90 NaN NaN 0 
 2015 3 18 1 43 30 210 0 45 -58.5 0.3809 0 
 2015 3 18 1 47 6 210 90 45 -272.51 2.1902 0 
 2015 3 18 1 51 18 210 180 45 16.68 0.104 0 
 2015 3 18 1 54 54 210 -90 45 313.98 2.533 0 
 2015 3 18 1 58 30 210 0 90 NaN NaN 0 
 2015 3 18 2 2 6 210 0 45 17.59 0.112 0 
 2015 3 18 2 5 42 210 90 45 -176.06 1.4653 0 
 2015 3 18 2 9 18 210 180 45 -95.23 0.5812 0 
 2015 3 18 2 26 42 210 0 90 NaN NaN 0 
 2015 3 18 2 30 54 210 0 45 93.34 0.5227 0 
 2015 3 18 2 34 30 210 90 45 -103.92 0.835 0 
 2015 3 18 2 38 6 210 180 45 -89.82 0.5924 0 
 2015 3 18 2 41 42 210 -90 45 249.19 1.976 0 
 2015 3 18 2 45 18 210 0 90 NaN NaN 0 
 2015 3 18 2 48 54 210 0 45 103.63 0.7069 0 
 2015 3 18 2 53 6 210 90 45 -126.89 1.2682 0 
 2015 3 18 2 56 42 210 180 45 -59.74 0.4569 0 
 2015 3 18 3 26 42 210 0 90 NaN NaN 0 
 2015 3 18 3 30 54 210 0 45 -109.11 1.0279 0 
 2015 3 18 3 34 30 210 90 45 -175.88 1.9496 0 
 2015 3 18 3 38 6 210 180 45 63.1 0.5948 0 
 2015 3 18 3 41 42 210 -90 45 194.02 2.2989 0 
 2015 3 18 3 45 18 210 0 90 NaN NaN 0 
 2015 3 18 3 49 30 210 0 45 -138.49 1.3539 0 
 2015 3 18 3 53 6 210 90 45 -167.87 1.9367 0 
 2015 3 18 3 56 42 210 180 45 100.79 0.9392 0 
 2015 3 18 4 14 6 210 0 90 NaN NaN 0 
 2015 3 18 4 17 42 210 0 45 -121.3 1.1861 0 
 2015 3 18 4 21 18 210 90 45 -127.31 1.5581 0 
 2015 3 18 4 24 54 210 180 45 86.12 0.8482 0 
 2015 3 18 4 28 30 210 -90 45 129.38 1.7751 0 
 2015 3 18 4 32 42 210 0 90 NaN NaN 0 
 2015 3 18 4 36 18 210 0 45 -114.85 1.1979 0 
 2015 3 18 4 39 54 210 90 45 -104.98 1.4307 1 
 2015 3 18 4 43 30 210 180 45 67.58 0.7098 0 
 2015 3 18 5 0 54 210 0 90 NaN NaN 0 
 2015 3 18 5 4 30 210 0 45 -155.97 1.5469 0 
 2015 3 18 5 8 6 210 90 45 -20.52 0.2608 0 
 2015 3 18 5 12 18 210 180 45 111.78 1.1722 0 
 2015 3 18 5 15 54 210 -90 45 95.17 1.1895 0 
 2015 3 18 5 19 30 210 0 90 NaN NaN 0 
 2015 3 18 5 23 6 210 0 45 -138.12 1.4219 0 
 2015 3 18 5 26 42 210 90 45 19.38 0.248 0 
 2015 3 18 5 30 54 210 180 45 53.31 0.6497 1 
 2015 3 18 5 54 54 210 0 90 NaN NaN 0 
 2015 3 18 5 58 30 210 0 45 -163.67 1.7265 0 
 2015 3 18 6 2 42 210 90 45 -32.72 0.4438 0 
 2015 3 18 6 6 18 210 180 45 95.12 1.0806 0 
 2015 3 18 6 9 54 210 -90 45 94.45 1.2863 0 
 2015 3 18 6 13 30 210 0 90 NaN NaN 0 
 2015 3 18 6 17 6 210 0 45 -129.74 1.5126 0 
 2015 3 18 6 20 42 210 90 45 -18.89 0.2772 0 
 2015 3 18 6 24 54 210 180 45 113.34 1.417 0 
 2015 3 18 6 41 42 210 0 90 NaN NaN 1 
 2015 3 18 6 45 54 210 0 45 -126.81 1.8234 0 
 2015 3 18 6 49 30 210 90 45 -9.46 0.1681 1 
 2015 3 18 6 53 6 210 180 45 87.22 1.3789 0 
 2015 3 18 6 56 42 210 -90 45 76.67 1.4415 1 
 2015 3 18 7 0 18 210 0 90 NaN NaN 1 
 2015 3 18 7 4 30 210 0 45 -96.09 1.5808 0 
 2015 3 18 7 8 6 210 90 45 -17.38 0.3339 1 
 2015 3 18 7 11 42 210 180 45 105.77 1.851 1 
 2015 3 18 7 29 6 210 0 90 NaN NaN 1 
 2015 3 18 7 32 42 210 0 45 -72.9 1.235 0 
 2015 3 18 7 36 18 210 90 45 -9.81 0.1881 1 
 2015 3 18 7 39 54 210 180 45 119.64 2.0114 0 
 2015 3 18 7 43 30 210 -90 45 37.3 0.7317 1 
 2015 3 18 7 47 42 210 0 90 NaN NaN 1 
 2015 3 18 7 51 18 210 0 45 -63.62 1.1098 0 
 2015 3 18 7 54 54 210 90 45 -40.44 0.7837 1 
 2015 3 18 7 58 30 210 180 45 59.77 1.1411 2 
 2015 3 18 8 15 54 210 0 90 NaN NaN 1 
 2015 3 18 8 19 30 210 0 45 -59.07 0.9635 0 
 2015 3 18 8 23 6 210 90 45 -54.88 0.9408 1 
 2015 3 18 8 27 18 210 180 45 79.53 1.1939 0 
 2015 3 18 8 30 54 210 -90 45 17.94 0.3162 1 
 2015 3 18 8 34 30 210 0 90 NaN NaN 1 
 2015 3 18 8 38 6 210 0 45 -49.72 0.697 0 
 2015 3 18 8 41 42 210 90 45 -48.35 0.6885 0 
 2015 3 18 8 45 54 210 180 45 70.72 0.9137 0 
 2015 3 18 9 2 42 210 0 90 NaN NaN 0 
 2015 3 18 9 6 54 210 0 45 5.6 0.06 0 
 2015 3 18 9 10 30 210 90 45 -56.91 0.5959 0 
 2015 3 18 9 14 6 210 180 45 42.36 0.4176 0 
 2015 3 18 9 17 42 210 -90 45 31.98 0.3729 0 
 2015 3 18 9 21 18 210 0 90 NaN NaN 0 
 2015 3 18 9 24 54 210 0 45 -23.99 0.2141 0 
 2015 3 18 9 29 6 210 90 45 -50.34 0.3905 0 
 2015 3 18 9 32 42 210 180 45 20.81 0.1712 0 
 2015 3 18 9 50 6 210 0 90 NaN NaN 0 
 2015 3 18 9 53 42 210 0 45 -18.68 0.0853 0 
 2015 3 18 9 57 18 210 90 45 -42.16 0.1611 1 
 2015 3 18 10 0 54 210 180 45 -10.14 0.0413 0 
 2015 3 18 10 4 30 210 -90 45 -18.82 0.085 1 
 2015 3 18 10 8 42 210 0 90 NaN NaN 1 
 2015 3 18 10 12 18 210 0 45 -21.97 0.0687 1 
 2015 3 18 23 37 30 266 0 90 NaN NaN 1 
 2015 3 18 23 41 6 266 0 45 -48.14 0.1834 1 
 2015 3 18 23 44 42 266 90 45 -47.89 0.2395 1 
 2015 3 18 23 48 18 266 180 45 12.57 0.0591 0 
 