2015 3 17 0 5 42 210 0 90 NaN NaN 0 
 2015 3 17 0 9 54 210 0 45 -34.47 0.1925 0 
 2015 3 17 0 13 30 210 90 45 39.06 0.244 1 
 2015 3 17 0 17 6 210 180 45 23.32 0.1422 1 
 2015 3 17 0 20 42 210 -90 45 -64.5 0.3656 0 
 2015 3 17 0 24 18 210 0 90 NaN NaN 0 
 2015 3 17 0 27 54 210 0 45 -54.89 0.354 1 
 2015 3 17 0 32 6 210 90 45 7.05 0.0508 1 
 2015 3 17 0 35 42 210 180 45 16.27 0.1129 1 
 2015 3 17 0 53 6 210 0 90 NaN NaN 0 
 2015 3 17 0 56 42 210 0 45 -51.23 0.4293 1 
 2015 3 17 1 0 18 210 90 45 -13.86 0.1265 1 
 2015 3 17 1 3 54 210 180 45 15.04 0.1256 1 
 2015 3 17 1 7 30 210 -90 45 -13.18 0.1008 0 
 2015 3 17 1 11 42 210 0 90 NaN NaN 0 
 2015 3 17 1 15 18 210 0 45 -31.31 0.2573 1 
 2015 3 17 1 18 54 210 90 45 36.73 0.3329 1 
 2015 3 17 1 22 30 210 180 45 15.53 0.1327 1 
 2015 3 17 1 39 54 210 0 90 NaN NaN 0 
 2015 3 17 1 43 30 210 0 45 -30.88 0.2623 1 
 2015 3 17 1 47 6 210 90 45 34.79 0.3084 1 
 2015 3 17 1 51 18 210 180 45 -7.66 0.0654 1 
 2015 3 17 1 54 54 210 -90 45 -38.89 0.304 0 
 2015 3 17 1 58 30 210 0 90 NaN NaN 0 
 2015 3 17 2 2 6 210 0 45 -43.79 0.3757 1 
 2015 3 17 2 5 42 210 90 45 26.09 0.2368 1 
 2015 3 17 2 9 18 210 180 45 -9.01 0.0798 1 
 2015 3 17 2 26 42 210 0 90 NaN NaN 0 
 2015 3 17 2 30 54 210 0 45 -56.12 0.5924 1 
 2015 3 17 2 34 30 210 90 45 20.9 0.2508 1 
 2015 3 17 2 38 6 210 180 45 29.13 0.3333 1 
 2015 3 17 2 41 42 210 -90 45 -47.64 0.5364 0 
 2015 3 17 2 45 18 210 0 90 NaN NaN 1 
 2015 3 17 2 49 30 210 0 45 -79.75 1.0841 2 
 2015 3 17 2 53 6 210 90 45 -2.05 0.0327 2 
 2015 3 17 2 56 42 210 180 45 -40.72 0.6675 2 
 2015 3 17 3 26 42 210 0 90 NaN NaN 2 
 2015 3 17 6 41 42 210 0 90 NaN NaN 2 
 2015 3 17 6 45 54 210 0 45 -77.9 1.0701 2 
 2015 3 17 6 49 30 210 90 45 -10.41 0.1224 2 
 2015 3 17 6 53 6 210 180 45 -2.47 0.0182 1 
 2015 3 17 6 56 42 210 -90 45 -38.1 0.2079 1 
 2015 3 17 7 0 18 210 0 90 NaN NaN 1 
 2015 3 17 7 3 54 210 0 45 -46.65 0.1964 1 
 2015 3 17 7 8 6 210 90 45 60.1 0.3501 1 
 2015 3 17 7 11 42 210 180 45 49.25 0.3395 1 
 2015 3 17 7 29 6 210 0 90 NaN NaN 1 
 2015 3 17 7 32 42 210 0 45 -80.18 0.634 1 
 2015 3 17 7 36 18 210 90 45 -40.22 0.3786 2 
 2015 3 17 7 39 54 210 180 45 -19.82 0.1942 2 
 2015 3 17 7 43 30 210 -90 45 -45.18 0.4073 1 
 2015 3 17 7 47 42 210 0 90 NaN NaN 1 
 2015 3 17 7 51 18 210 0 45 -29.76 0.2663 1 
 2015 3 17 7 54 54 210 90 45 35.77 0.3534 2 
 2015 3 17 7 58 30 210 180 45 37.76 0.4027 2 
 2015 3 17 8 15 54 210 0 90 NaN NaN 1 
 2015 3 17 8 19 30 210 0 45 -48.86 0.528 1 
 2015 3 17 8 23 6 210 90 45 0.23 0.0028 2 
 2015 3 17 8 27 18 210 180 45 -15.29 0.1859 2 
 2015 3 17 8 30 54 210 -90 45 -13.28 0.1456 1 
 2015 3 17 8 34 30 210 0 90 NaN NaN 1 
 2015 3 17 8 38 6 210 0 45 -14.36 0.1501 1 
 2015 3 17 8 41 42 210 90 45 -30.51 0.3398 2 
 2015 3 17 8 45 54 210 180 45 -43.76 0.4737 1 
 2015 3 17 9 2 42 210 0 90 NaN NaN 2 
 2015 3 17 9 6 18 210 0 45 11 0.1577 2 
 2015 3 17 9 10 30 210 90 45 11.21 0.186 2 
 2015 3 17 9 14 6 210 180 45 -45.5 0.7253 2 
 2015 3 17 9 17 42 210 -90 45 -37.99 0.5386 2 
 2015 3 17 9 21 18 210 0 90 NaN NaN 2 
 2015 3 17 9 24 54 210 0 45 -24.43 0.3927 2 
 2015 3 17 9 29 6 210 90 45 -54.28 0.9597 2 
 2015 3 17 9 32 42 210 180 45 -64.01 1.1062 2 
 2015 3 17 9 50 6 210 0 90 NaN NaN 2 
 2015 3 17 9 53 42 210 0 45 12.76 0.2062 2 
 2015 3 17 9 57 18 210 90 45 50.65 0.8137 2 
 2015 3 17 10 0 54 210 180 45 35.34 0.5239 2 
 2015 3 17 10 4 30 210 -90 45 -9.94 0.1439 2 
 2015 3 17 10 8 42 210 0 90 NaN NaN 2 
 2015 3 17 10 12 18 210 0 45 -39.91 0.47 2 
 2015 3 17 10 15 54 210 90 45 -46.71 0.51 2 
 2015 3 17 10 19 30 210 180 45 -77.03 0.8111 2 
 